2880
2937
5805
4153
9040
6369
3332
7081
1854
4905
2464
9290
3670
1603
5512
3272
4407
5239
2079
4125
6318
4310
545
10144
2879
6204
3316
1175
5578
5472
4876
7399
4960
4262
4988
4323
1946
5794
8833
3325
4731
7256
6802
4887
3705
7541
4225
59
7222
5173
6679
5609
5151
5787
8776
3485
6568
4099
6565
800
5311
1435
6282
3055
4328
6844
4258
7367
2219
1472
5815
142
5246
4945
1322
4811
1817
6718
4664
4288
449
614
3986
7524
4561
3808
4686
7071
9213
6936
5489
1204
6235
3118
6440
6330
2136
9027
6394
3449
2150
3175
2249
8939
1371
9701
8514
6351
2030
8469
4819
2134
975
2965
1250
5611
9886
951
1213
2026
4150
4438
3034
4496
5127
5784
3203
147
3501
9672
6858
5193
7133
1035
5329
1362
3625
3029
2063
6792
5176
9123
4080
7346
10130
3027
4991
6361
22
8820
8365
9712
4446
3356
4374
1997
6280
6803
10029
10015
5147
5046
7866
2097
924
2897
1725
9722
6191
6691
5200
4395
32
9808
10042
5903
2193
6461
1531
3431
6546
1811
8485
8443
5530
5415
1565
3279
8419
334
3148
3436
4951
2611
7180
3149
3407
7386
3475
3981
8208
1862
1885
5407
10095
5702
6286
2238
397
3212
1960
6327
2887
4306
1566
2518
1050
5310
2524
1062
9184
7126
3195
4334
2580
8313
8905
8597
4923
8946
8627
7294
3504
10000
3788
5953
9028
3357
8722
6164
1272
4166
3725
9206
5833
6682
2250
4687
492
3090
2969
2461
6263
9719
1686
5361
7094
5932
1423
5181
8482
6163
9967
4236
7174
7124
2613
8825
10080
1368
4268
1318
467
7353
2472
8876
1886
9084
1938
6987
2231
2173
1726
2808
4424
2242
4532
8858
1793
3847
4048
3130
8546
2507
5394
7271
8947
5729
6311
1221
1014
6705
7178
2791
7826
3338
5086
8928
4292
4719
5303
3465
4832
9020
303
4543
6005
5122
5706
10163
8470
3795
6921
1373
8247
1614
5321
6986
2509
1281
1731
6492
6059
1467
2236
6036
7003
6532
234
997
2433
1691
3835
8515
7422
1289
4610
10089
4321
4908
8898
6077
9923
10160
8641
5047
992
6110
1633
496
5157
3500
4014
10050
4914
4483
8702
9733
7165
10082
7361
8664
2861
8374
8677
8932
3017
10093
6989
5018
6439
2996
4955
6624
8032
3421
1696
1524
5145
4913
10135
5866
5672
6292
1984
8887
2863
9797
2235
9179
4648
5715
4027
6291
4975
7119
4135
10087
160
2847
8278
2820
4414
4710
1875
3542
3696
6543
69
9150
7443
5240
8586
801
7338
9987
1994
3664
8566
2086
3181
1422
5178
6614
4472
4433
8803
3166
6025
6066
9790
10032
2425
4724
1326
5566
9729
5703
7408
1585
9821
3081
5243
2334
4094
8943
4256
5140
6134
1757
4924
4566
1392
4554
3135
2072
5025
6637
9687
6155
4247
7127
6449
9542
1929
8288
8638
2331
10014
6288
8614
6893
487
9697
3047
1351
1170
3084
5326
2484
9079
7261
6200
7153
6680
6316
2443
5320
4717
8964
5775
4652
4744
1648
6562
7075
2926
4852
4087
2307
6563
9297
4814
4244
8460
5088
7475
8954
5342
4151
7309
9023
4872
6688
8940
5291
5225
2201
5040
2914
3853
2263
10134
3400
4146
2054
2792
8747
5960
7427
4138
8380
4808
5094
4051
7424
9758
3708
6851
6665
5747
5451
5007
9288
3522
2158
3994
5247
5093
9789
1223
3941
2031
5507
9669
8910
6725
7786
6354
3745
3648
220
8796
1936
1761
6359
5765
3962
5375
8412
1339
7143
10159
3167
5635
1446
6065
5638
4824
5264
4782
4582
8648
8704
8779
1700
7120
2253
3929
8878
3413
66
1646
10044
5416
7131
534
9794
6100
1499
2160
1301
4884
2301
9646
2550
1033
8810
2813
6159
4028
6188
2562
1245
9915
871
2761
6412
5509
7756
3280
7755
1264
3098
6241
5921
2114
5391
8708
9693
4539
7418
2335
4715
9168
8727
4373
8121
9935
3052
1611
5238
4647
6988
8733
5450
4437
1228
6308
8646
3727
47
1852
9198
7260
873
9013
4593
1871
10085
6427
2883
9944
273
4161
6161
4959
6182
6320
1649
1383
1153
1956
5334
3020
9921
8468
1297
6079
4863
5204
8904
8521
8818
1537
2537
2125
6955
1568
7195
8942
5569
7151
9135
9730
5537
7209
4549
8979
6458
1008
10086
10071
6181
1513
8742
5353
1054
7083
4238
6398
861
318
6151
2168
3614
2314
2120
6087
2325
8926
10143
2910
8721
6952
5131
7449
6860
7450
6002
8850
3024
4448
8832
3022
1287
5704
5318
7013
3480
8891
2602
2243
4309
2520
7237
6547
5182
4692
6555
8501
8570
7632
1246
5165
3129
9685
7159
6141
3263
10156
2066
7001
5679
5344
5138
5190
3238
7409
8431
8748
3438
3678
4741
9144
973
8868
7499
4950
6603
4842
4031
5234
5625
5582
9031
3067
3080
5951
7932
4265
4691
6043
5287
7138
6363
8504
1305
1258
3184
4836
17
6558
4257
8189
3010
1672
4620
6340
9091
5382
3328
565
9341
6417
2844
8372
1279
10021
5883
6232
1361
3706
2156
632
5549
679
2451
2921
3312
6305
5474
9678
4315
8987
4722
2055
7320
2960
958
6727
8513
993
1812
3478
1443
4628
5827
1559
8072
3575
8972
1549
6928
5142
9302
5386
7186
1218
7315
4478
6042
8528
1944
8933
5879
894
2309
8564
567
7460
8847
8644
4987
5581
6199
1336
4308
1356
3862
7423
8860
8817
4286
7850
9401
9984
433
8430
5346
10175
3389
1481
8746
4338
10096
8089
2174
5340
3845
6556
2349
4666
6256
4972
1447
5071
6662
6136
3119
4598
659
23
10023
6631
8761
2579
6364
4392
6023
2406
5254
1815
3278
8424
4157
21
8471
2955
3477
7513
5529
8783
6876
6355
7725
4798
4910
2867
1128
6877
1711
6704
1337
1990
9818
9240
1439
1137
7302
10073
7426
9177
3896
3562
6088
4577
4625
4853
3035
7233
5922
5902
8618
2983
4316
248
4143
6675
2194
2908
6719
8127
1489
4221
1303
2772
6009
9006
8551
3980
8500
1034
3386
6642
5473
4934
3207
7467
8602
8390
2221
3886
1873
2529
7611
94
1589
3960
8663
3404
3854
3817
6145
1639
495
8693
7406
5656
1209
8045
5780
5488
6198
4916
5495
3336
9850
3185
8023
7867
7243
8875
5369
5050
9731
7244
1842
4571
5235
1840
6385
7348
5195
9924
1113
1810
8788
8440
5024
4136
3600
7716
1135
6894
8393
3875
10167
8151
5199
1088
4944
7569
6430
5242
4070
8962
4181
4795
1335
8739
2095
6137
742
1991
2972
1261
4431
9720
2612
5897
9210
4419
6695
8011
7571
6119
2938
1359
5198
9183
8770
1714
8968
9830
2101
6266
4174
9106
6152
4527
8842
9116
8427
9718
1749
2046
6386
8916
4473
9001
1370
65
3432
10010
3305
7336
6142
10174
5191
6207
6298
5250
9840
3186
2318
3928
6183
5283
6296
918
2429
2909
5750
8679
4336
1270
8498
9610
1629
3304
5293
7004
2117
1224
2337
5001
3168
6736
8626
3014
9054
348
5365
7228
3410
8275
7350
4119
5688
1488
9705
7114
7924
8712
2153
1025
3205
9039
3127
2533
4314
4435
9742
6334
3858
4573
3056
6367
6162
3587
2837
10028
1574
3641
10003
7187
6474
5263
1535
2259
2073
8609
9041
3043
3699
10016
8028
5504
5705
5510
719
122
9138
6536
4190
4410
1194
5829
6878
4821
3911
1508
6076
2588
5350
2882
2610
4976
3760
5485
8705
3329
6482
2084
199
1723
5843
4450
4514
7796
1474
6337
1149
3294
8511
1410
6058
8457
1496
1581
4154
1743
10008
6214
5469
7331
82
2261
1985
7203
4860
6429
85
8812
8960
6024
7764
5694
1538
1490
7354
6365
9011
5139
2111
6811
6415
8930
4612
6325
6683
3984
8672
5073
8956
2240
1181
4447
8386
3681
2522
7651
6231
10111
8341
1914
1103
343
3620
1420
8989
4436
4874
3469
5161
6864
7371
7201
5901
6166
5207
2793
1578
4636
2202
6714
8286
2805
6574
3145
5552
2859
3324
4219
4962
5911
9165
481
9950
8643
9155
1384
6583
8148
9946
1389
8379
6422
5551
2316
8944
5120
9570
4168
5447
6044
6483
1839
9848
4352
9056
4974
3364
6947
2463
2353
1628
5078
9810
10127
3959
1180
5144
5414
3231
8749
5479
7369
1470
9962
1517
5428
6368
4209
4941
301
2067
9017
4114
8385
665
5146
9158
6290
4865
4723
553
7641
6443
6420
5423
9689
6922
8707
2006
2945
5041
6081
8632
9700
8578
4986
2078
1493
4672
3912
3701
4805
6658
7845
3051
9601
9533
1591
4421
2419
5202
4521
3930
9152
3915
9211
6914
2225
31
6404
10033
8831
6751
3846
7516
25
5427
2952
3623
4637
7265
9087
5508
9065
2643
7066
1784
4721
6300
10149
10036
4303
5126
1377
4920
6995
9698
7074
3751
1330
9918
5482
8856
417
2574
5543
5986
5272
5459
8428
6322
7275
4290
2019
1604
6180
4899
8834
2819
1895
1916
7286
1998
10176
1454
313
3569
8518
8914
1051
7142
3643
7238
8636
4981
10055
9926
4355
6202
3730
6128
4418
9979
7317
2130
4547
6438
4126
6343
5544
6147
1903
9245
8642
4163
8957
988
2065
7145
1560
3398
6403
6371
4953
4164
5449
95
8974
353
5313
8807
15
9902
2296
2015
2516
1947
8656
4891
1187
1993
2332
562
7158
4828
6633
1382
403
3270
2070
8562
8676
4255
1996
447
10083
8549
5028
5029
5180
9315
4102
6346
991
8448
363
5042
844
3989
4562
1288
1805
4946
284
6746
9192
2061
600
6418
3895
7519
8723
9927
5896
7318
8560
1951
5532
494
4035
9156
2239
1275
4293
2416
4849
4197
4693
6524
5494
9119
4326
7070
4720
5262
2141
6702
2295
8826
5020
7154
4794
7680
4054
1962
6645
9026
4816
8909
2245
1770
7768
2083
2573
6400
5418
6696
5210
8547
1601
5135
6112
5125
3188
4701
6046
5008
8660
6576
8971
9187
8654
2190
661
4439
1660
2924
1341
5982
1607
78
6997
4511
1657
8494
4462
9878
4357
3377
987
7335
9166
1092
4825
6397
1031
6031
9176
9843
5696
6994
8799
5410
10117
4697
5938
6672
7881
1011
1550
1448
3762
5491
5101
4609
8506
1874
985
1844
4671
10070
7384
4304
4583
8558
5092
5786
9090
9362
394
4801
8882
5124
2930
8845
291
171
6143
6082
4936
8785
8392
5370
1023
7613
5027
1634
3248
1986
4747
1003
2110
3714
1393
6236
6314
6387
8827
4551
8685
2124
9711
8710
4061
4600
5153
8854
9114
8529
2445
1977
3376
5452
395
5338
295
516
1624
5748
8706
7743
6335
5905
4498
7067
4112
8454
4487
7552
2011
4245
5640
6585
8967
3957
9945
1061
3214
9682
9137
6165
7923
4252
9047
4220
1066
9910
3719
3882
4702
2311
6681
539
2572
2831
6353
1231
8519
7901
4068
9277
8376
5187
4879
3198
5222
8798
8966
6648
6262
4172
8682
8701
2155
2483
5274
1744
7596
10060
676
1348
6452
1580
9151
2984
2534
9965
7240
4251
4650
3317
3491
371
5189
4165
8563
4999
5464
9986
977
6344
6806
8896
5341
8667
9787
2017
5221
9024
4137
6339
289
7506
2898
7392
5133
7673
6127
2603
8879
5096
6548
1471
1888
3880
8867
2014
4162
38
1912
6596
305
5519
3697
7719
3993
4889
7349
8195
2570
409
1394
6108
5732
7086
14
6628
2892
2870
8692
2288
5928
8112
404
3546
9057
10173
3383
4393
6502
6012
1201
1198
953
114
3440
3315
4706
3521
2599
1293
1455
4210
3901
4537
1899
2860
4276
4141
4346
4441
1664
3857
3755
4177
4911
2843
4453
2762
2981
3134
4493
209
2122
4696
2182
1120
3782
1698
1673
650
3182
349
1587
2899
1927
1498
235
1188
4049
1210
2348
2884
1032
3330
735
510
365
4516
1590
4834
3508
3040
2957
1043
4558
1651
3157
4580
3059
1631
2411
2398
1302
2270
2846
4261
1306
1089
3811
4213
56
3661
4183
1884
4712
3556
4242
2547
3490
4555
1582
649
3619
2044
1588
1018
4149
4055
1877
4030
2758
4474
3864
1411
4263
1715
4669
3227
3028
2810
192
1346
2471
1324
4076
1519
2496
2246
1642
1908
3826
1140
981
2823
1689
2546
1090
3033
1641
971
2034
1469
3768
4601
1542
3859
4602
3496
1999
3524
1037
3255
1882
4740
3113
2180
499
2303
2195
1027
1044
2167
2973
4311
1807
2087
4017
1164
1059
4518
1675
2393
4773
4204
4465
2790
1395
1625
2373
1136
1755
1468
2020
4670
1544
4139
4560
468
1722
4423
4110
2987
4147
2779
2523
2002
1934
1151
3037
2279
1440
2119
978
4302
3111
1809
1569
2374
3211
4699
986
4372
1291
2467
4643
1708
4458
1154
4077
3140
1321
1713
3117
4312
4388
4861
1967
4460
1415
3397
1314
7760
6190
8659
5941
10001
6177
5301
9874
9864
9102
8880
9737
4973
5148
6846
8918
7910
6399
9073
8963
6472
5567
6789
5840
9755
5676
8625
8395
8985
5100
7206
5260
6726
6824
8726
6135
9010
5768
6745
10059
7362
5224
8164
7002
6676
5158
6187
7567
8757
8621
6195
7429
5084
8499
6650
5613
9162
9178
5276
8572
7156
9149
7245
7193
6973
10132
6494
9713
9128
8951
10102
6567
4978
9812
7087
8098
8415
5987
6454
4996
5159
6920
7533
7510
4998
5563
9680
6219
8789
8861
7573
6284
9256
6080
4931
5072
7548
8787
6421
8984
4992
10025
6956
6225
7707
6370
5520
7607
5035
5760
8945
9246
8245
8709
7073
7095
5888
8774
5228
5620
5185
5113
6992
6324
6301
5325
9275
7307
5471
6708
6090
9714
8736
6447
8771
5433
6299
6185
6999
5061
9983
5446
7395
9098
8496
7921
9194
9769
5946
5876
8406
5273
9014
8822
6230
6575
9086
7192
6958
5539
5328
8520
5536
10047
7883
7378
6703
5431
9807
5132
5966
8241
8912
10062
6184
4943
8728
8715
6857
6283
8611
7438
9929
5218
9917
5799
6677
10108
8965
5169
6267
7072
6886
5223
8480
7439
6814
9798
7396
6407
5545
5444
9728
8786
10077
5252
7488
6741
7282
5256
10090
5226
6657
9768
8630
8355
9841
8853
7360
7358
8446
5128
5298
6809
8657
8936
6823
5354
8777
9456
9276
5774
5253
8717
6074
8495
7824
10006
6424
6172
5570
5426
7200
5170
5457
9761
7407
5281
8793
6411
9739
5663
6194
7246
8931
8420
7397
10157
7226
5770
5585